,COUNTYFP,NEVER,RARELY,SOMETIMES,FREQUENTLY,ALWAYS
0,1001,0.053,0.07400000000000001,0.134,0.295,0.444
1,1003,0.083,0.059000000000000004,0.098,0.32299999999999995,0.436
2,1005,0.067,0.121,0.12,0.201,0.491
3,1007,0.02,0.034,0.096,0.278,0.5720000000000001
4,1009,0.053,0.114,0.18,0.19399999999999998,0.45899999999999996
5,1011,0.031,0.04,0.14400000000000002,0.28600000000000003,0.5
6,1013,0.102,0.053,0.257,0.13699999999999998,0.451
7,1015,0.152,0.10800000000000001,0.13,0.16699999999999998,0.442
8,1017,0.11699999999999999,0.037000000000000005,0.15,0.136,0.56
9,1019,0.135,0.027000000000000003,0.161,0.158,0.52
10,1021,0.06,0.07,0.057999999999999996,0.19399999999999998,0.618
11,1023,0.049,0.038,0.126,0.21899999999999997,0.568
12,1025,0.049,0.08800000000000001,0.16399999999999998,0.268,0.43
13,1027,0.14800000000000002,0.158,0.195,0.16899999999999998,0.32899999999999996
14,1029,0.151,0.125,0.138,0.217,0.368
15,1031,0.10099999999999999,0.152,0.094,0.18600000000000003,0.466
16,1033,0.08199999999999999,0.096,0.152,0.159,0.51
17,1035,0.099,0.052000000000000005,0.259,0.192,0.39899999999999997
18,1037,0.055,0.131,0.16699999999999998,0.263,0.384
19,1039,0.187,0.128,0.129,0.201,0.35600000000000004
20,1041,0.06,0.091,0.19899999999999998,0.233,0.41600000000000004
21,1043,0.13,0.024,0.249,0.217,0.379
22,1045,0.08900000000000001,0.113,0.11800000000000001,0.22,0.46
23,1047,0.095,0.1,0.159,0.122,0.524
24,1049,0.084,0.051,0.106,0.179,0.58
25,1051,0.042,0.095,0.127,0.252,0.485
26,1053,0.114,0.026000000000000002,0.188,0.285,0.387
27,1055,0.096,0.10300000000000001,0.17800000000000002,0.122,0.501
28,1057,0.138,0.048,0.151,0.233,0.429
29,1059,0.065,0.071,0.223,0.156,0.484
30,1061,0.17600000000000002,0.131,0.08900000000000001,0.158,0.445
31,1063,0.03,0.053,0.127,0.16699999999999998,0.623
32,1065,0.026000000000000002,0.061,0.084,0.191,0.639
33,1067,0.066,0.068,0.17,0.258,0.43799999999999994
34,1069,0.085,0.079,0.135,0.268,0.433
35,1071,0.092,0.08900000000000001,0.11,0.249,0.46
36,1073,0.049,0.037000000000000005,0.107,0.179,0.628
37,1075,0.107,0.045,0.132,0.18899999999999997,0.527
38,1077,0.09300000000000001,0.11900000000000001,0.141,0.179,0.469
39,1079,0.162,0.08,0.08800000000000001,0.251,0.419
40,1081,0.053,0.064,0.138,0.183,0.562
41,1083,0.102,0.034,0.133,0.336,0.395
42,1085,0.12,0.073,0.145,0.19899999999999998,0.46399999999999997
43,1087,0.008,0.033,0.24100000000000002,0.172,0.545
44,1089,0.062,0.05,0.12300000000000001,0.177,0.589
45,1091,0.033,0.151,0.11800000000000001,0.18600000000000003,0.512
46,1093,0.129,0.064,0.24600000000000002,0.207,0.353
47,1095,0.075,0.064,0.129,0.253,0.479
48,1097,0.077,0.07,0.102,0.244,0.506
49,1099,0.11199999999999999,0.040999999999999995,0.182,0.28800000000000003,0.37799999999999995
50,1101,0.055999999999999994,0.095,0.12300000000000001,0.212,0.513
51,1103,0.078,0.077,0.08199999999999999,0.304,0.45899999999999996
52,1105,0.025,0.084,0.087,0.187,0.618
53,1107,0.031,0.06,0.16899999999999998,0.157,0.584
54,1109,0.06,0.131,0.145,0.33299999999999996,0.33
55,1111,0.158,0.226,0.105,0.14400000000000002,0.368
56,1113,0.069,0.067,0.08,0.213,0.57
57,1115,0.027000000000000003,0.134,0.14400000000000002,0.2,0.495
58,1117,0.022000000000000002,0.075,0.11800000000000001,0.24,0.545
59,1119,0.055,0.068,0.11800000000000001,0.19699999999999998,0.562
60,1121,0.113,0.15,0.20800000000000002,0.16899999999999998,0.361
61,1123,0.067,0.095,0.136,0.29600000000000004,0.406
62,1125,0.040999999999999995,0.036000000000000004,0.14400000000000002,0.247,0.532
63,1127,0.09,0.081,0.145,0.256,0.429
64,1129,0.018000000000000002,0.077,0.102,0.307,0.495
65,1131,0.061,0.098,0.19899999999999998,0.187,0.455
66,1133,0.13,0.046,0.32799999999999996,0.183,0.312
67,2013,0.067,0.032,0.034,0.316,0.551
68,2016,0.078,0.031,0.03,0.337,0.524
69,2020,0.042,0.05,0.049,0.196,0.6629999999999999
70,2050,0.10099999999999999,0.022000000000000002,0.013999999999999999,0.45,0.413
71,2060,0.048,0.037000000000000005,0.042,0.308,0.564
72,2068,0.062,0.081,0.067,0.225,0.565
73,2070,0.07200000000000001,0.025,0.027000000000000003,0.391,0.484
74,2090,0.094,0.084,0.175,0.23399999999999999,0.413
75,2100,0.055,0.05,0.12300000000000001,0.419,0.35200000000000004
76,2105,0.051,0.064,0.13,0.39899999999999997,0.35600000000000004
77,2110,0.051,0.067,0.133,0.396,0.353
78,2122,0.043,0.047,0.051,0.19699999999999998,0.662
79,2130,0.025,0.149,0.174,0.256,0.396
80,2150,0.042,0.043,0.049,0.233,0.633
81,2158,0.10300000000000001,0.022000000000000002,0.006999999999999999,0.521,0.34700000000000003
82,2164,0.055,0.036000000000000004,0.04,0.299,0.5710000000000001
83,2170,0.042,0.051,0.048,0.198,0.66
84,2180,0.086,0.061,0.009000000000000001,0.544,0.3
85,2185,0.036000000000000004,0.059000000000000004,0.235,0.215,0.455
86,2188,0.035,0.188,0.051,0.474,0.252
87,2195,0.042,0.095,0.14800000000000002,0.349,0.365
88,2198,0.033,0.125,0.161,0.3,0.38
89,2220,0.048,0.077,0.13699999999999998,0.381,0.35700000000000004
90,2230,0.057999999999999996,0.038,0.11599999999999999,0.435,0.354
91,2240,0.064,0.071,0.14,0.272,0.45299999999999996
92,2261,0.04,0.049,0.052000000000000005,0.19699999999999998,0.6629999999999999
93,2275,0.035,0.11900000000000001,0.16,0.312,0.374
94,2282,0.047,0.012,0.078,0.381,0.48100000000000004
95,2290,0.044000000000000004,0.047,0.126,0.425,0.358
96,4001,0.055,0.063,0.031,0.15,0.701
97,4003,0.053,0.025,0.147,0.19399999999999998,0.581
98,4005,0.039,0.08,0.07,0.11,0.7020000000000001
99,4007,0.073,0.013999999999999999,0.03,0.336,0.547
100,4009,0.095,0.067,0.237,0.049,0.5529999999999999
101,4011,0.111,0.08900000000000001,0.16699999999999998,0.08900000000000001,0.544
102,4012,0.031,0.064,0.162,0.17300000000000001,0.57
103,4013,0.023,0.025,0.059000000000000004,0.158,0.7340000000000001
104,4015,0.051,0.096,0.10400000000000001,0.16399999999999998,0.585
105,4017,0.091,0.10800000000000001,0.059000000000000004,0.139,0.602
106,4019,0.023,0.024,0.073,0.121,0.759
107,4021,0.033,0.055,0.096,0.14800000000000002,0.667
108,4023,0.027999999999999997,0.002,0.057999999999999996,0.07400000000000001,0.8370000000000001
109,4025,0.031,0.073,0.081,0.17600000000000002,0.639
110,4027,0.008,0.013000000000000001,0.046,0.129,0.804
111,5001,0.019,0.073,0.134,0.21600000000000003,0.557
112,5003,0.023,0.10300000000000001,0.163,0.11699999999999999,0.595
113,5005,0.15,0.10400000000000001,0.10800000000000001,0.10400000000000001,0.534
114,5007,0.081,0.034,0.083,0.16,0.643
115,5009,0.129,0.145,0.122,0.18899999999999997,0.41600000000000004
116,5011,0.094,0.102,0.175,0.184,0.445
117,5013,0.145,0.132,0.10800000000000001,0.21100000000000002,0.40399999999999997
118,5015,0.111,0.068,0.115,0.129,0.5770000000000001
119,5017,0.10400000000000001,0.07400000000000001,0.193,0.09699999999999999,0.531
120,5019,0.08,0.091,0.08,0.231,0.518
121,5021,0.08199999999999999,0.124,0.157,0.242,0.395
122,5023,0.036000000000000004,0.065,0.09300000000000001,0.259,0.546
123,5025,0.107,0.03,0.16,0.231,0.47200000000000003
124,5027,0.24100000000000002,0.07200000000000001,0.054000000000000006,0.25,0.38299999999999995
125,5029,0.071,0.12,0.13699999999999998,0.34700000000000003,0.325
126,5031,0.078,0.12300000000000001,0.138,0.341,0.32
127,5033,0.155,0.1,0.16699999999999998,0.21100000000000002,0.36700000000000005
128,5035,0.059000000000000004,0.017,0.11,0.306,0.508
129,5037,0.09699999999999999,0.017,0.163,0.319,0.40399999999999997
130,5039,0.19699999999999998,0.055,0.09300000000000001,0.196,0.45899999999999996
131,5041,0.078,0.033,0.19,0.18899999999999997,0.509
132,5043,0.063,0.049,0.207,0.159,0.523
133,5045,0.066,0.027000000000000003,0.077,0.40299999999999997,0.426
134,5047,0.149,0.079,0.245,0.187,0.34
135,5049,0.105,0.121,0.226,0.19699999999999998,0.35100000000000003
136,5051,0.025,0.102,0.068,0.21,0.596
137,5053,0.08199999999999999,0.043,0.127,0.258,0.489
138,5055,0.062,0.141,0.154,0.34600000000000003,0.297
139,5057,0.098,0.073,0.096,0.179,0.5539999999999999
140,5059,0.059000000000000004,0.086,0.079,0.21600000000000003,0.56
141,5061,0.081,0.07,0.145,0.145,0.56
142,5063,0.13699999999999998,0.156,0.08800000000000001,0.179,0.44
143,5065,0.086,0.121,0.133,0.23,0.43
144,5067,0.11599999999999999,0.10300000000000001,0.135,0.179,0.46799999999999997
145,5069,0.042,0.036000000000000004,0.172,0.17300000000000001,0.5770000000000001
146,5071,0.14400000000000002,0.10300000000000001,0.205,0.221,0.32799999999999996
147,5073,0.12,0.08199999999999999,0.078,0.23399999999999999,0.486
148,5075,0.085,0.128,0.153,0.298,0.337
149,5077,0.10300000000000001,0.032,0.195,0.263,0.40700000000000003
150,5079,0.035,0.016,0.19399999999999998,0.201,0.5539999999999999
151,5081,0.07400000000000001,0.121,0.106,0.201,0.499
152,5083,0.14800000000000002,0.11,0.12,0.14300000000000002,0.479
153,5085,0.048,0.045,0.136,0.297,0.474
154,5087,0.075,0.08800000000000001,0.159,0.114,0.564
155,5089,0.171,0.11199999999999999,0.11900000000000001,0.10800000000000001,0.49
156,5091,0.064,0.124,0.106,0.21899999999999997,0.48700000000000004
157,5093,0.033,0.109,0.134,0.284,0.44
158,5095,0.068,0.128,0.127,0.271,0.406
159,5097,0.081,0.095,0.136,0.166,0.521
160,5099,0.14300000000000002,0.048,0.084,0.22399999999999998,0.501
161,5101,0.107,0.14,0.084,0.261,0.408
162,5103,0.151,0.09699999999999999,0.06,0.242,0.449
163,5105,0.098,0.051,0.08,0.36700000000000005,0.40399999999999997
164,5107,0.052000000000000005,0.061,0.134,0.276,0.47700000000000004
165,5109,0.064,0.061,0.2,0.17600000000000002,0.501
166,5111,0.077,0.098,0.141,0.287,0.397
167,5113,0.18,0.08,0.217,0.076,0.446
168,5115,0.08199999999999999,0.151,0.18100000000000002,0.285,0.302
169,5117,0.062,0.17,0.10300000000000001,0.273,0.391
170,5119,0.027999999999999997,0.027000000000000003,0.126,0.175,0.644
171,5121,0.051,0.145,0.203,0.289,0.311
172,5123,0.087,0.006999999999999999,0.289,0.267,0.35
173,5125,0.066,0.044000000000000004,0.154,0.212,0.524
174,5127,0.155,0.14,0.124,0.12300000000000001,0.45799999999999996
175,5129,0.1,0.08800000000000001,0.125,0.149,0.5379999999999999
176,5131,0.121,0.142,0.157,0.20800000000000002,0.37200000000000005
177,5133,0.12,0.09300000000000001,0.155,0.165,0.467
178,5135,0.067,0.158,0.22,0.222,0.33299999999999996
179,5137,0.067,0.092,0.11,0.23399999999999999,0.498
180,5139,0.11599999999999999,0.179,0.098,0.262,0.344
181,5141,0.033,0.06,0.096,0.272,0.539
182,5143,0.034,0.027999999999999997,0.10099999999999999,0.18600000000000003,0.6509999999999999
183,5145,0.026000000000000002,0.054000000000000006,0.152,0.27699999999999997,0.491
184,5147,0.059000000000000004,0.048,0.20800000000000002,0.231,0.45399999999999996
185,5149,0.11599999999999999,0.1,0.11199999999999999,0.198,0.474
186,6001,0.019,0.008,0.055,0.12300000000000001,0.795
187,6003,0.025,0.085,0.08800000000000001,0.19,0.612
188,6005,0.045,0.013000000000000001,0.099,0.188,0.655
189,6007,0.015,0.043,0.111,0.204,0.626
190,6009,0.045,0.019,0.098,0.276,0.562
191,6011,0.027000000000000003,0.031,0.092,0.151,0.7
192,6013,0.018000000000000002,0.016,0.039,0.121,0.8059999999999999
193,6015,0.01,0.135,0.11199999999999999,0.196,0.547
194,6017,0.027999999999999997,0.042,0.07200000000000001,0.183,0.675
195,6019,0.021,0.022000000000000002,0.059000000000000004,0.156,0.741
196,6021,0.027999999999999997,0.026000000000000002,0.146,0.20600000000000002,0.594
197,6023,0.042,0.006,0.018000000000000002,0.069,0.865
198,6025,0.001,0.005,0.03,0.128,0.836
199,6027,0.033,0.011000000000000001,0.008,0.057999999999999996,0.889
200,6029,0.022000000000000002,0.027999999999999997,0.105,0.177,0.6679999999999999
201,6031,0.075,0.016,0.049,0.094,0.7659999999999999
202,6033,0.003,0.004,0.006999999999999999,0.136,0.8490000000000001
203,6035,0.064,0.068,0.162,0.225,0.48200000000000004
204,6037,0.021,0.013000000000000001,0.049,0.131,0.7859999999999999
205,6039,0.019,0.059000000000000004,0.048,0.124,0.7509999999999999
206,6041,0.011000000000000001,0.0,0.046,0.141,0.802
207,6043,0.01,0.094,0.049,0.18600000000000003,0.6609999999999999
208,6045,0.002,0.003,0.004,0.222,0.77
209,6047,0.026000000000000002,0.036000000000000004,0.08900000000000001,0.146,0.703
210,6049,0.068,0.019,0.095,0.204,0.615
211,6051,0.011000000000000001,0.026000000000000002,0.012,0.07,0.88
212,6053,0.023,0.006,0.066,0.141,0.763
213,6055,0.017,0.026000000000000002,0.033,0.149,0.773
214,6057,0.003,0.054000000000000006,0.084,0.177,0.682
215,6059,0.023,0.021,0.046,0.156,0.754
216,6061,0.012,0.023,0.07200000000000001,0.201,0.693
217,6063,0.063,0.067,0.053,0.146,0.6709999999999999
218,6065,0.026000000000000002,0.013999999999999999,0.040999999999999995,0.11599999999999999,0.8029999999999999
219,6067,0.025,0.027999999999999997,0.062,0.16399999999999998,0.722
220,6069,0.018000000000000002,0.004,0.063,0.175,0.7390000000000001
221,6071,0.027000000000000003,0.022000000000000002,0.048,0.134,0.768
222,6073,0.017,0.023,0.034,0.126,0.8
223,6075,0.017,0.011000000000000001,0.035,0.121,0.8170000000000001
224,6077,0.054000000000000006,0.019,0.081,0.165,0.68
225,6079,0.025,0.024,0.037000000000000005,0.16899999999999998,0.745
226,6081,0.016,0.013000000000000001,0.057999999999999996,0.126,0.7859999999999999
227,6083,0.015,0.02,0.075,0.153,0.737
228,6085,0.015,0.013999999999999999,0.04,0.168,0.764
229,6087,0.008,0.0,0.086,0.109,0.797
230,6089,0.095,0.055999999999999994,0.071,0.23199999999999998,0.547
231,6091,0.14,0.053,0.047,0.14300000000000002,0.617
232,6093,0.132,0.07400000000000001,0.08199999999999999,0.16699999999999998,0.546
233,6095,0.043,0.046,0.035,0.14800000000000002,0.728
234,6097,0.022000000000000002,0.012,0.022000000000000002,0.149,0.795
235,6099,0.032,0.027999999999999997,0.062,0.17300000000000001,0.705
236,6101,0.057999999999999996,0.031,0.08,0.163,0.669
237,6103,0.057,0.062,0.141,0.195,0.545
238,6105,0.081,0.07,0.055,0.201,0.5920000000000001
239,6107,0.025,0.039,0.115,0.136,0.685
240,6109,0.008,0.043,0.084,0.212,0.653
241,6111,0.024,0.011000000000000001,0.033,0.156,0.777
242,6113,0.006999999999999999,0.005,0.04,0.156,0.7909999999999999
243,6115,0.057,0.035,0.071,0.16699999999999998,0.669
244,8001,0.032,0.027000000000000003,0.071,0.185,0.685
245,8003,0.052000000000000005,0.133,0.094,0.228,0.493
246,8005,0.013000000000000001,0.026000000000000002,0.065,0.193,0.703
247,8007,0.040999999999999995,0.040999999999999995,0.155,0.276,0.488
248,8009,0.113,0.053,0.19399999999999998,0.20600000000000002,0.435
249,8011,0.033,0.036000000000000004,0.172,0.191,0.5670000000000001
250,8013,0.008,0.015,0.032,0.195,0.75
251,8014,0.018000000000000002,0.005,0.042,0.201,0.7340000000000001
252,8015,0.038,0.045,0.134,0.138,0.645
253,8017,0.016,0.187,0.106,0.39799999999999996,0.292
254,8019,0.002,0.015,0.138,0.12300000000000001,0.723
255,8021,0.06,0.106,0.09300000000000001,0.195,0.545
256,8023,0.034,0.07200000000000001,0.076,0.175,0.644
257,8025,0.002,0.034,0.08,0.294,0.59
258,8027,0.017,0.098,0.153,0.23399999999999999,0.498
259,8029,0.087,0.094,0.07400000000000001,0.295,0.45
260,8031,0.02,0.018000000000000002,0.062,0.19399999999999998,0.7070000000000001
261,8033,0.052000000000000005,0.039,0.066,0.252,0.591
262,8035,0.013000000000000001,0.040999999999999995,0.081,0.192,0.6729999999999999
263,8037,0.008,0.003,0.033,0.26899999999999996,0.687
264,8039,0.016,0.044000000000000004,0.19,0.24600000000000002,0.505
265,8041,0.031,0.08900000000000001,0.081,0.196,0.603
266,8043,0.006,0.069,0.062,0.2,0.6629999999999999
267,8045,0.065,0.04,0.037000000000000005,0.326,0.532
268,8047,0.001,0.027000000000000003,0.017,0.17,0.785
269,8049,0.006,0.002,0.05,0.187,0.754
270,8051,0.057,0.039,0.043,0.281,0.581
271,8053,0.043,0.05,0.11699999999999999,0.271,0.519
272,8055,0.027999999999999997,0.051,0.051,0.275,0.595
273,8057,0.021,0.027000000000000003,0.09,0.342,0.52
274,8059,0.027999999999999997,0.031,0.075,0.19399999999999998,0.6729999999999999
275,8061,0.027999999999999997,0.051,0.159,0.27,0.49200000000000005
276,8063,0.024,0.32299999999999995,0.11900000000000001,0.344,0.19
277,8065,0.002,0.016,0.036000000000000004,0.193,0.753
278,8067,0.043,0.02,0.122,0.27399999999999997,0.541
279,8069,0.013000000000000001,0.037000000000000005,0.06,0.231,0.659
280,8071,0.052000000000000005,0.03,0.10099999999999999,0.17,0.648
281,8073,0.013000000000000001,0.068,0.196,0.40299999999999997,0.321
282,8075,0.078,0.20199999999999999,0.10099999999999999,0.368,0.251
283,8077,0.075,0.105,0.098,0.222,0.499
284,8079,0.049,0.07200000000000001,0.138,0.264,0.478
285,8081,0.040999999999999995,0.142,0.162,0.284,0.371
286,8083,0.057,0.019,0.081,0.257,0.586
287,8085,0.085,0.092,0.07400000000000001,0.314,0.436
288,8087,0.083,0.161,0.11599999999999999,0.245,0.396
289,8089,0.004,0.047,0.102,0.19399999999999998,0.653
290,8091,0.06,0.08,0.069,0.295,0.495
291,8093,0.021,0.018000000000000002,0.10300000000000001,0.13699999999999998,0.722
292,8095,0.05,0.19,0.13699999999999998,0.255,0.368
293,8097,0.019,0.013999999999999999,0.016,0.318,0.633
294,8099,0.079,0.046,0.205,0.201,0.469
295,8101,0.018000000000000002,0.044000000000000004,0.07400000000000001,0.28,0.584
296,8103,0.111,0.092,0.07400000000000001,0.265,0.45799999999999996
297,8105,0.061,0.14400000000000002,0.11,0.242,0.444
298,8107,0.008,0.036000000000000004,0.092,0.375,0.489
299,8109,0.065,0.122,0.138,0.23199999999999998,0.44299999999999995
300,8111,0.032,0.038,0.09699999999999999,0.27,0.563
301,8113,0.043,0.057999999999999996,0.07400000000000001,0.26,0.565
302,8115,0.065,0.162,0.138,0.267,0.368
303,8117,0.0,0.001,0.064,0.151,0.784
304,8119,0.105,0.087,0.066,0.145,0.597
305,8121,0.077,0.20800000000000002,0.10099999999999999,0.303,0.31
306,8123,0.046,0.038,0.135,0.231,0.55
307,8125,0.038,0.284,0.133,0.255,0.29
308,9001,0.027000000000000003,0.019,0.06,0.114,0.78
309,9003,0.015,0.023,0.065,0.13,0.767
310,9005,0.017,0.051,0.021,0.098,0.812
311,9007,0.003,0.006999999999999999,0.055,0.128,0.807
312,9009,0.023,0.013999999999999999,0.053,0.115,0.795
313,9011,0.025,0.021,0.066,0.142,0.747
314,9013,0.008,0.008,0.027000000000000003,0.147,0.81
315,9015,0.022000000000000002,0.040999999999999995,0.08199999999999999,0.13699999999999998,0.718
316,10001,0.026000000000000002,0.006,0.106,0.051,0.8109999999999999
317,10003,0.027000000000000003,0.013000000000000001,0.040999999999999995,0.133,0.7859999999999999
318,10005,0.005,0.001,0.035,0.10300000000000001,0.856
319,11001,0.012,0.013000000000000001,0.069,0.16399999999999998,0.743
320,12001,0.001,0.024,0.053,0.17,0.7509999999999999
321,12003,0.087,0.076,0.18,0.215,0.442
322,12005,0.065,0.109,0.076,0.20199999999999999,0.5479999999999999
323,12007,0.106,0.168,0.172,0.17300000000000001,0.381
324,12009,0.068,0.073,0.096,0.157,0.607
325,12011,0.026000000000000002,0.023,0.043,0.11699999999999999,0.7909999999999999
326,12013,0.034,0.055,0.138,0.267,0.507
327,12015,0.051,0.049,0.10099999999999999,0.158,0.64
328,12017,0.09,0.036000000000000004,0.087,0.17800000000000002,0.609
329,12019,0.055,0.067,0.15,0.209,0.52
330,12021,0.04,0.023,0.067,0.212,0.6579999999999999
331,12023,0.047,0.026000000000000002,0.28800000000000003,0.254,0.385
332,12027,0.023,0.064,0.055999999999999994,0.142,0.715
333,12029,0.071,0.095,0.11900000000000001,0.318,0.397
334,12031,0.049,0.042,0.086,0.19399999999999998,0.629
335,12033,0.019,0.052000000000000005,0.095,0.31,0.524
336,12035,0.079,0.05,0.113,0.157,0.602
337,12037,0.022000000000000002,0.10099999999999999,0.237,0.228,0.41200000000000003
338,12039,0.06,0.033,0.10400000000000001,0.22699999999999998,0.575
339,12041,0.016,0.151,0.069,0.324,0.44
340,12043,0.047,0.08199999999999999,0.098,0.096,0.677
341,12045,0.046,0.125,0.12,0.249,0.46
342,12047,0.10099999999999999,0.071,0.235,0.22699999999999998,0.365
343,12049,0.114,0.040999999999999995,0.179,0.18600000000000003,0.48
344,12051,0.046,0.042,0.11199999999999999,0.15,0.65
345,12053,0.09,0.04,0.091,0.19,0.589
346,12055,0.025,0.055999999999999994,0.145,0.138,0.635
347,12057,0.023,0.031,0.069,0.155,0.722
348,12059,0.17,0.077,0.081,0.111,0.562
349,12061,0.054000000000000006,0.065,0.08199999999999999,0.193,0.607
350,12063,0.064,0.10800000000000001,0.129,0.174,0.526
351,12065,0.019,0.017,0.099,0.183,0.682
352,12067,0.102,0.081,0.22,0.20800000000000002,0.389
353,12069,0.047,0.062,0.07400000000000001,0.185,0.632
354,12071,0.052000000000000005,0.05,0.073,0.17600000000000002,0.648
355,12073,0.051,0.022000000000000002,0.071,0.156,0.7
356,12075,0.017,0.132,0.07200000000000001,0.187,0.5920000000000001
357,12077,0.022000000000000002,0.023,0.205,0.268,0.48200000000000004
358,12079,0.16399999999999998,0.085,0.14800000000000002,0.264,0.34
359,12081,0.07400000000000001,0.037000000000000005,0.062,0.201,0.626
360,12083,0.046,0.087,0.121,0.203,0.5429999999999999
361,12085,0.027000000000000003,0.018000000000000002,0.066,0.16899999999999998,0.7190000000000001
362,12086,0.032,0.023,0.06,0.128,0.7559999999999999
363,12087,0.006999999999999999,0.001,0.013999999999999999,0.159,0.8190000000000001
364,12089,0.09,0.07,0.147,0.223,0.47
365,12091,0.091,0.083,0.147,0.21,0.469
366,12093,0.016,0.034,0.064,0.171,0.715
367,12095,0.02,0.02,0.07200000000000001,0.16399999999999998,0.7240000000000001
368,12097,0.025,0.022000000000000002,0.057999999999999996,0.17600000000000002,0.72
369,12099,0.03,0.02,0.05,0.11599999999999999,0.784
370,12101,0.027000000000000003,0.028999999999999998,0.055,0.179,0.7090000000000001
371,12103,0.025,0.019,0.07400000000000001,0.133,0.75
372,12105,0.05,0.063,0.085,0.172,0.63
373,12107,0.068,0.05,0.114,0.18600000000000003,0.581
374,12109,0.047,0.071,0.09699999999999999,0.223,0.561
375,12111,0.077,0.022000000000000002,0.08,0.17300000000000001,0.648
376,12113,0.047,0.068,0.166,0.265,0.45299999999999996
377,12115,0.017,0.031,0.073,0.175,0.7040000000000001
378,12117,0.037000000000000005,0.039,0.066,0.141,0.7170000000000001
379,12119,0.037000000000000005,0.036000000000000004,0.064,0.235,0.628
380,12121,0.105,0.055,0.244,0.22699999999999998,0.369
381,12123,0.10300000000000001,0.086,0.19,0.145,0.47600000000000003
382,12125,0.044000000000000004,0.04,0.17600000000000002,0.267,0.473
383,12127,0.035,0.066,0.08900000000000001,0.192,0.618
384,12129,0.032,0.092,0.172,0.275,0.429
385,12131,0.092,0.06,0.092,0.244,0.512
386,12133,0.138,0.085,0.062,0.158,0.557
387,13001,0.085,0.11699999999999999,0.23,0.152,0.41600000000000004
388,13003,0.059000000000000004,0.1,0.179,0.217,0.445
389,13005,0.071,0.132,0.187,0.188,0.42100000000000004
390,13007,0.027000000000000003,0.048,0.054000000000000006,0.127,0.743
391,13009,0.02,0.08900000000000001,0.107,0.29,0.494
392,13011,0.136,0.10300000000000001,0.125,0.23800000000000002,0.39899999999999997
393,13013,0.063,0.086,0.092,0.19,0.568
394,13015,0.215,0.05,0.12300000000000001,0.14300000000000002,0.47
395,13017,0.129,0.078,0.109,0.20199999999999999,0.483
396,13019,0.073,0.098,0.156,0.214,0.46
397,13021,0.043,0.094,0.17600000000000002,0.201,0.48700000000000004
398,13023,0.08900000000000001,0.031,0.11699999999999999,0.256,0.508
399,13025,0.047,0.129,0.15,0.16399999999999998,0.51
400,13027,0.092,0.165,0.124,0.235,0.385
401,13029,0.033,0.039,0.095,0.23800000000000002,0.595
402,13031,0.053,0.049,0.163,0.31,0.424
403,13033,0.105,0.109,0.087,0.20800000000000002,0.49200000000000005
404,13035,0.125,0.037000000000000005,0.14400000000000002,0.163,0.53
405,13037,0.013000000000000001,0.035,0.043,0.172,0.737
406,13039,0.136,0.125,0.17,0.113,0.456
407,13043,0.037000000000000005,0.045,0.177,0.264,0.47700000000000004
408,13045,0.08900000000000001,0.133,0.154,0.168,0.457
409,13047,0.14300000000000002,0.152,0.114,0.217,0.375
410,13049,0.065,0.094,0.15,0.196,0.495
411,13051,0.035,0.04,0.14400000000000002,0.158,0.624
412,13053,0.061,0.07200000000000001,0.10800000000000001,0.214,0.545
413,13055,0.11599999999999999,0.102,0.187,0.14300000000000002,0.451
414,13057,0.049,0.054000000000000006,0.1,0.213,0.584
415,13059,0.054000000000000006,0.057,0.06,0.226,0.603
416,13061,0.027999999999999997,0.066,0.12,0.223,0.562
417,13063,0.038,0.054000000000000006,0.125,0.159,0.624
418,13065,0.06,0.057999999999999996,0.134,0.168,0.58
419,13067,0.039,0.049,0.11599999999999999,0.225,0.5720000000000001
420,13069,0.085,0.124,0.16399999999999998,0.222,0.40399999999999997
421,13071,0.10800000000000001,0.191,0.07400000000000001,0.233,0.39399999999999996
422,13073,0.061,0.064,0.095,0.23399999999999999,0.547
423,13075,0.098,0.134,0.12300000000000001,0.203,0.441
424,13077,0.105,0.053,0.183,0.204,0.455
425,13079,0.057,0.051,0.231,0.192,0.46799999999999997
426,13081,0.11900000000000001,0.023,0.06,0.163,0.635
427,13083,0.128,0.222,0.13,0.249,0.27
428,13085,0.049,0.09,0.128,0.162,0.5710000000000001
429,13087,0.09300000000000001,0.04,0.171,0.18,0.516
430,13089,0.036000000000000004,0.027999999999999997,0.075,0.156,0.7040000000000001
431,13091,0.145,0.025,0.15,0.23600000000000002,0.44299999999999995
432,13093,0.077,0.034,0.057999999999999996,0.204,0.627
433,13095,0.033,0.037000000000000005,0.045,0.159,0.726
434,13097,0.083,0.037000000000000005,0.09,0.198,0.591
435,13099,0.045,0.062,0.156,0.253,0.485
436,13101,0.09699999999999999,0.073,0.182,0.20199999999999999,0.446
437,13103,0.044000000000000004,0.064,0.145,0.272,0.475
438,13105,0.132,0.177,0.081,0.107,0.503
439,13107,0.062,0.044000000000000004,0.142,0.252,0.5
440,13109,0.03,0.078,0.22899999999999998,0.29,0.37200000000000005
441,13111,0.075,0.08800000000000001,0.125,0.11199999999999999,0.6
442,13113,0.06,0.086,0.131,0.218,0.505
443,13115,0.18600000000000003,0.036000000000000004,0.23399999999999999,0.14800000000000002,0.395
444,13117,0.035,0.048,0.083,0.193,0.6409999999999999
445,13119,0.168,0.07400000000000001,0.11699999999999999,0.215,0.425
446,13121,0.026000000000000002,0.036000000000000004,0.08900000000000001,0.187,0.662
447,13123,0.128,0.042,0.087,0.198,0.545
448,13125,0.156,0.066,0.107,0.13,0.541
449,13127,0.048,0.071,0.145,0.251,0.485
450,13129,0.172,0.1,0.201,0.157,0.369
451,13131,0.063,0.139,0.11599999999999999,0.264,0.41700000000000004
452,13133,0.062,0.046,0.057,0.17600000000000002,0.6579999999999999
453,13135,0.036000000000000004,0.054000000000000006,0.081,0.19,0.639
454,13137,0.063,0.1,0.11599999999999999,0.292,0.43
455,13139,0.061,0.069,0.128,0.198,0.545
456,13141,0.043,0.111,0.102,0.168,0.575
457,13143,0.184,0.12300000000000001,0.165,0.184,0.345
458,13145,0.09300000000000001,0.081,0.061,0.213,0.551
459,13147,0.092,0.061,0.14,0.207,0.5
460,13149,0.126,0.094,0.166,0.14400000000000002,0.47100000000000003
461,13151,0.10300000000000001,0.048,0.091,0.18100000000000002,0.578
462,13153,0.032,0.079,0.136,0.172,0.581
463,13155,0.098,0.091,0.126,0.22399999999999998,0.46
464,13157,0.125,0.085,0.11699999999999999,0.24,0.434
465,13159,0.08199999999999999,0.059000000000000004,0.18100000000000002,0.11800000000000001,0.56
466,13161,0.124,0.138,0.165,0.183,0.39
467,13163,0.251,0.055,0.099,0.102,0.493
468,13165,0.114,0.053,0.084,0.261,0.488
469,13167,0.11900000000000001,0.053,0.109,0.251,0.46799999999999997
470,13169,0.049,0.087,0.226,0.209,0.43
471,13171,0.07,0.06,0.171,0.293,0.406
472,13173,0.102,0.07,0.145,0.18100000000000002,0.502
473,13175,0.122,0.055999999999999994,0.141,0.29100000000000004,0.391
474,13177,0.035,0.033,0.039,0.162,0.732
475,13179,0.006999999999999999,0.099,0.066,0.215,0.614
476,13181,0.073,0.10400000000000001,0.111,0.233,0.479
477,13183,0.013999999999999999,0.11900000000000001,0.086,0.159,0.621
478,13185,0.10800000000000001,0.10099999999999999,0.149,0.20800000000000002,0.435
479,13187,0.035,0.086,0.13,0.245,0.504
480,13189,0.07200000000000001,0.053,0.12300000000000001,0.265,0.488
481,13191,0.034,0.076,0.188,0.221,0.48100000000000004
482,13193,0.078,0.049,0.113,0.21,0.55
483,13195,0.165,0.084,0.055,0.18600000000000003,0.511
484,13197,0.084,0.12,0.16699999999999998,0.196,0.433
485,13199,0.109,0.086,0.138,0.15,0.517
486,13201,0.064,0.055999999999999994,0.182,0.159,0.539
487,13205,0.044000000000000004,0.11199999999999999,0.055,0.159,0.63
488,13207,0.07200000000000001,0.035,0.184,0.253,0.455
489,13209,0.114,0.083,0.174,0.228,0.401
490,13211,0.061,0.064,0.09300000000000001,0.168,0.614
491,13213,0.193,0.03,0.182,0.177,0.41700000000000004
492,13215,0.063,0.073,0.083,0.225,0.555
493,13217,0.094,0.076,0.12300000000000001,0.207,0.5
494,13219,0.049,0.063,0.095,0.18100000000000002,0.611
495,13221,0.055999999999999994,0.08199999999999999,0.054000000000000006,0.18100000000000002,0.627
496,13223,0.09699999999999999,0.068,0.10800000000000001,0.233,0.494
497,13225,0.027000000000000003,0.07400000000000001,0.172,0.16,0.5670000000000001
498,13227,0.038,0.11800000000000001,0.10099999999999999,0.188,0.555
499,13229,0.05,0.14300000000000002,0.127,0.157,0.522
500,13231,0.059000000000000004,0.06,0.147,0.192,0.542
501,13233,0.106,0.071,0.192,0.145,0.485
502,13235,0.079,0.031,0.098,0.218,0.575
503,13237,0.059000000000000004,0.09300000000000001,0.11800000000000001,0.214,0.516
504,13239,0.053,0.15,0.095,0.163,0.5379999999999999
505,13241,0.1,0.083,0.124,0.22899999999999998,0.46399999999999997
506,13243,0.016,0.065,0.05,0.2,0.669
507,13245,0.068,0.059000000000000004,0.114,0.18,0.578
508,13247,0.057999999999999996,0.078,0.115,0.21600000000000003,0.534
509,13249,0.07,0.102,0.11699999999999999,0.214,0.49700000000000005
510,13251,0.198,0.069,0.081,0.242,0.41
511,13253,0.073,0.079,0.20199999999999999,0.135,0.51
512,13255,0.07200000000000001,0.038,0.179,0.20199999999999999,0.509
513,13257,0.087,0.11599999999999999,0.11599999999999999,0.31,0.37
514,13259,0.055,0.092,0.133,0.203,0.517
515,13261,0.055,0.055999999999999994,0.046,0.20199999999999999,0.6409999999999999
516,13263,0.168,0.08,0.08900000000000001,0.171,0.49200000000000005
517,13265,0.065,0.048,0.086,0.158,0.644
518,13267,0.051,0.076,0.214,0.22399999999999998,0.434
519,13269,0.126,0.069,0.182,0.201,0.42200000000000004
520,13271,0.156,0.075,0.134,0.20800000000000002,0.42700000000000005
521,13273,0.019,0.028999999999999998,0.03,0.16699999999999998,0.755
522,13275,0.026000000000000002,0.096,0.12,0.228,0.53
523,13277,0.066,0.08800000000000001,0.122,0.22699999999999998,0.496
524,13279,0.09699999999999999,0.069,0.179,0.226,0.429
525,13281,0.076,0.096,0.098,0.19899999999999998,0.531
526,13283,0.096,0.07,0.168,0.267,0.39899999999999997
527,13285,0.175,0.031,0.11900000000000001,0.17800000000000002,0.49700000000000005
528,13287,0.141,0.042,0.094,0.175,0.547
529,13289,0.04,0.077,0.188,0.14800000000000002,0.547
530,13291,0.065,0.11900000000000001,0.087,0.168,0.56
531,13293,0.16,0.1,0.114,0.20600000000000002,0.42100000000000004
532,13295,0.14400000000000002,0.16399999999999998,0.11699999999999999,0.21,0.366
533,13297,0.106,0.127,0.184,0.141,0.442
534,13299,0.061,0.10800000000000001,0.109,0.166,0.556
535,13301,0.095,0.065,0.14,0.226,0.474
536,13303,0.10400000000000001,0.07,0.053,0.157,0.617
537,13305,0.028999999999999998,0.139,0.14300000000000002,0.139,0.55
538,13307,0.019,0.064,0.10300000000000001,0.21,0.603
539,13309,0.135,0.078,0.162,0.23,0.395
540,13311,0.057,0.064,0.099,0.34700000000000003,0.433
541,13313,0.185,0.068,0.203,0.142,0.40299999999999997
542,13315,0.17300000000000001,0.017,0.083,0.157,0.569
543,13317,0.08,0.086,0.114,0.172,0.5479999999999999
544,13319,0.039,0.062,0.141,0.22399999999999998,0.534
545,13321,0.069,0.055999999999999994,0.083,0.187,0.605
546,15001,0.01,0.032,0.037000000000000005,0.122,0.799
547,15003,0.011000000000000001,0.012,0.027000000000000003,0.151,0.7979999999999999
548,15005,0.026000000000000002,0.013000000000000001,0.032,0.08,0.85
549,15007,0.0,0.021,0.046,0.10800000000000001,0.825
550,15009,0.034,0.016,0.025,0.122,0.8029999999999999
551,16001,0.11800000000000001,0.078,0.084,0.19399999999999998,0.526
552,16003,0.094,0.21600000000000003,0.218,0.218,0.254
553,16005,0.084,0.193,0.17600000000000002,0.195,0.35200000000000004
554,16007,0.151,0.12,0.102,0.243,0.385
555,16009,0.038,0.059000000000000004,0.15,0.152,0.601
556,16011,0.095,0.19699999999999998,0.175,0.22899999999999998,0.304
557,16013,0.155,0.107,0.102,0.13,0.506
558,16015,0.057,0.038,0.038,0.5489999999999999,0.318
559,16017,0.08800000000000001,0.11599999999999999,0.11900000000000001,0.24100000000000002,0.436
560,16019,0.096,0.20199999999999999,0.188,0.247,0.268
561,16021,0.045,0.171,0.061,0.185,0.537
562,16023,0.107,0.213,0.159,0.222,0.298
563,16025,0.18600000000000003,0.03,0.047,0.098,0.639
564,16027,0.113,0.095,0.17,0.24,0.381
565,16029,0.1,0.18100000000000002,0.191,0.20199999999999999,0.326
566,16031,0.134,0.223,0.102,0.149,0.392
567,16033,0.11900000000000001,0.228,0.196,0.239,0.218
568,16035,0.037000000000000005,0.11199999999999999,0.127,0.25,0.475
569,16037,0.069,0.028999999999999998,0.19899999999999998,0.244,0.45799999999999996
570,16039,0.20600000000000002,0.044000000000000004,0.038,0.17300000000000001,0.539
571,16041,0.131,0.11800000000000001,0.085,0.256,0.41
572,16043,0.111,0.20600000000000002,0.20199999999999999,0.247,0.233
573,16045,0.11900000000000001,0.136,0.111,0.198,0.436
574,16047,0.21100000000000002,0.20199999999999999,0.08900000000000001,0.153,0.345
575,16049,0.045,0.094,0.16399999999999998,0.275,0.423
576,16051,0.099,0.20800000000000002,0.192,0.249,0.252
577,16053,0.175,0.21899999999999997,0.096,0.16699999999999998,0.34299999999999997
578,16055,0.146,0.105,0.17,0.22,0.359
579,16057,0.002,0.012,0.066,0.32799999999999996,0.5920000000000001
580,16059,0.109,0.17300000000000001,0.231,0.125,0.36200000000000004
581,16061,0.027000000000000003,0.073,0.157,0.285,0.45899999999999996
582,16063,0.18,0.2,0.105,0.135,0.379
583,16065,0.10099999999999999,0.207,0.196,0.25,0.245
584,16067,0.134,0.21899999999999997,0.106,0.152,0.39
585,16069,0.009000000000000001,0.03,0.11699999999999999,0.326,0.517
586,16071,0.083,0.17300000000000001,0.153,0.185,0.406
587,16073,0.12300000000000001,0.13699999999999998,0.146,0.171,0.423
588,16075,0.081,0.19899999999999998,0.174,0.242,0.304
589,16077,0.078,0.205,0.152,0.185,0.381
590,16079,0.068,0.14400000000000002,0.299,0.147,0.342
591,16081,0.099,0.18899999999999997,0.19,0.25,0.272
592,16083,0.166,0.222,0.10099999999999999,0.177,0.335
593,16085,0.040999999999999995,0.11800000000000001,0.102,0.37799999999999995,0.361
594,16087,0.136,0.13,0.324,0.172,0.239
595,17001,0.18,0.092,0.18899999999999997,0.19,0.35
596,17003,0.11,0.08199999999999999,0.14800000000000002,0.262,0.39799999999999996
597,17005,0.07,0.055,0.10800000000000001,0.218,0.5489999999999999
598,17007,0.025,0.006,0.065,0.244,0.66
599,17009,0.18,0.099,0.136,0.2,0.385
600,17011,0.012,0.019,0.156,0.20800000000000002,0.605
601,17013,0.08199999999999999,0.06,0.21899999999999997,0.366,0.273
602,17015,0.03,0.064,0.12,0.19,0.596
603,17017,0.10300000000000001,0.08,0.19,0.187,0.441
604,17019,0.0,0.067,0.08,0.192,0.6609999999999999
605,17021,0.059000000000000004,0.057,0.091,0.19,0.603
606,17023,0.127,0.08900000000000001,0.107,0.226,0.451
607,17025,0.062,0.115,0.145,0.306,0.37200000000000005
608,17027,0.102,0.063,0.083,0.166,0.5870000000000001
609,17029,0.11199999999999999,0.055,0.201,0.221,0.41100000000000003
610,17031,0.023,0.021,0.07200000000000001,0.162,0.722
611,17033,0.146,0.196,0.047,0.21899999999999997,0.392
612,17035,0.095,0.075,0.19399999999999998,0.212,0.424
613,17037,0.006999999999999999,0.012,0.034,0.191,0.7559999999999999
614,17039,0.035,0.106,0.073,0.28,0.507
615,17041,0.048,0.061,0.105,0.191,0.594
616,17043,0.01,0.01,0.055999999999999994,0.163,0.76
617,17045,0.174,0.09,0.131,0.20800000000000002,0.39799999999999996
618,17047,0.086,0.14800000000000002,0.233,0.306,0.228
619,17049,0.07200000000000001,0.07200000000000001,0.214,0.23199999999999998,0.41
620,17051,0.069,0.076,0.156,0.22899999999999998,0.47
621,17053,0.011000000000000001,0.08199999999999999,0.16699999999999998,0.172,0.5670000000000001
622,17055,0.099,0.166,0.11900000000000001,0.21100000000000002,0.405
623,17057,0.016,0.03,0.311,0.19899999999999998,0.444
624,17059,0.201,0.06,0.128,0.23800000000000002,0.373
625,17061,0.136,0.028999999999999998,0.109,0.217,0.508
626,17063,0.055999999999999994,0.055999999999999994,0.105,0.183,0.599
627,17065,0.138,0.179,0.1,0.21,0.373
628,17067,0.147,0.154,0.125,0.163,0.41100000000000003
629,17069,0.163,0.07200000000000001,0.235,0.191,0.34
630,17071,0.096,0.044000000000000004,0.10099999999999999,0.155,0.604
631,17073,0.067,0.07200000000000001,0.061,0.203,0.597
632,17075,0.09699999999999999,0.168,0.069,0.242,0.424
633,17077,0.066,0.078,0.151,0.209,0.496
634,17079,0.099,0.135,0.131,0.254,0.38
635,17081,0.122,0.126,0.08,0.27899999999999997,0.39299999999999996
636,17083,0.07400000000000001,0.079,0.124,0.185,0.537
637,17085,0.034,0.10400000000000001,0.22,0.17800000000000002,0.465
638,17087,0.124,0.05,0.18899999999999997,0.141,0.496
639,17089,0.013000000000000001,0.026000000000000002,0.048,0.165,0.748
640,17091,0.044000000000000004,0.084,0.096,0.249,0.527
641,17093,0.001,0.009000000000000001,0.065,0.136,0.7879999999999999
642,17095,0.035,0.031,0.19399999999999998,0.24600000000000002,0.494
643,17097,0.02,0.018000000000000002,0.046,0.146,0.769
644,17099,0.018000000000000002,0.046,0.113,0.267,0.556
645,17101,0.19699999999999998,0.157,0.105,0.281,0.26
646,17103,0.013000000000000001,0.054000000000000006,0.057999999999999996,0.22399999999999998,0.65
647,17105,0.03,0.147,0.08,0.23399999999999999,0.51
648,17107,0.046,0.045,0.23,0.128,0.551
649,17109,0.040999999999999995,0.091,0.09699999999999999,0.182,0.59
650,17111,0.03,0.012,0.066,0.17600000000000002,0.716
651,17113,0.085,0.062,0.091,0.201,0.561
652,17115,0.016,0.062,0.08800000000000001,0.28600000000000003,0.5489999999999999
653,17117,0.015,0.05,0.147,0.22699999999999998,0.561
654,17119,0.035,0.045,0.083,0.18899999999999997,0.648
655,17121,0.1,0.09300000000000001,0.10099999999999999,0.302,0.40399999999999997
656,17123,0.048,0.083,0.133,0.198,0.5379999999999999
657,17125,0.23800000000000002,0.031,0.292,0.126,0.313
658,17127,0.09699999999999999,0.043,0.23199999999999998,0.256,0.373
659,17129,0.102,0.047,0.138,0.172,0.54
660,17131,0.039,0.066,0.11,0.215,0.5710000000000001
661,17133,0.003,0.04,0.11199999999999999,0.174,0.67
662,17135,0.018000000000000002,0.05,0.091,0.316,0.525
663,17137,0.05,0.062,0.177,0.17800000000000002,0.5329999999999999
664,17139,0.081,0.073,0.213,0.243,0.39
665,17141,0.053,0.045,0.129,0.184,0.589
666,17143,0.039,0.036000000000000004,0.096,0.251,0.5770000000000001
667,17145,0.055,0.092,0.10400000000000001,0.358,0.392
668,17147,0.003,0.052000000000000005,0.06,0.198,0.688
669,17149,0.138,0.079,0.218,0.205,0.36
670,17151,0.10400000000000001,0.054000000000000006,0.213,0.214,0.415
671,17153,0.11699999999999999,0.064,0.18899999999999997,0.225,0.405
672,17155,0.021,0.025,0.168,0.251,0.535
673,17157,0.008,0.032,0.11699999999999999,0.391,0.452
674,17159,0.111,0.151,0.107,0.3,0.331
675,17161,0.078,0.025,0.066,0.235,0.596
676,17163,0.032,0.027000000000000003,0.037000000000000005,0.138,0.767
677,17165,0.11699999999999999,0.106,0.111,0.204,0.462
678,17167,0.017,0.03,0.155,0.233,0.564
679,17169,0.132,0.1,0.152,0.198,0.41700000000000004
680,17171,0.113,0.057,0.14800000000000002,0.162,0.52
681,17173,0.07,0.047,0.168,0.245,0.469
682,17175,0.013000000000000001,0.10099999999999999,0.057999999999999996,0.155,0.672
683,17177,0.036000000000000004,0.059000000000000004,0.040999999999999995,0.222,0.644
684,17179,0.044000000000000004,0.04,0.141,0.215,0.56
685,17181,0.1,0.078,0.162,0.195,0.466
686,17183,0.023,0.11900000000000001,0.08800000000000001,0.266,0.504
687,17185,0.078,0.113,0.271,0.325,0.212
688,17187,0.042,0.02,0.141,0.276,0.522
689,17189,0.11800000000000001,0.046,0.053,0.327,0.456
690,17191,0.086,0.142,0.128,0.3,0.345
691,17193,0.19,0.14400000000000002,0.095,0.239,0.332
692,17195,0.025,0.066,0.042,0.218,0.649
693,17197,0.040999999999999995,0.024,0.062,0.134,0.7390000000000001
694,17199,0.095,0.122,0.136,0.183,0.46399999999999997
695,17201,0.031,0.03,0.08900000000000001,0.193,0.657
696,17203,0.062,0.067,0.11199999999999999,0.242,0.517
697,18001,0.136,0.047,0.16,0.348,0.309
698,18003,0.07,0.14,0.099,0.228,0.46399999999999997
699,18005,0.138,0.084,0.085,0.28600000000000003,0.406
700,18007,0.08199999999999999,0.126,0.11199999999999999,0.183,0.496
701,18009,0.09300000000000001,0.152,0.106,0.203,0.447
702,18011,0.052000000000000005,0.085,0.142,0.308,0.413
703,18013,0.055,0.061,0.040999999999999995,0.184,0.66
704,18015,0.059000000000000004,0.10400000000000001,0.17,0.22,0.447
705,18017,0.037000000000000005,0.192,0.28300000000000003,0.20600000000000002,0.28300000000000003
706,18019,0.068,0.06,0.141,0.228,0.501
